1236
1321
1358
1738
1786
1838
1889
1935
1985
2038
2095
2139
2187
2243
2303
2351
2403
2452
2505
2553
2605
2653
2705
2752
2803
2847
2895
2942
2993
3035
3245
3321
3448
3498
3605
3685
3756
3817
3918
3969
4073
4129
4237
4299
4640
4708
4770
4839
4911
4976
5051
5126
5251
5315
5376
5447
5559
5677
5800
5870
5940
6003
6066
6126
6186
6246
6305
6364
6454
6536
6618
6693
6764
6834
6905
6989
7073
7157
7233
7309
7385
7461
7537
7606
7675
7744
7813
7880
7947
8014
8080
8146
8211
8276
8341
8406
8471
8536
8604
8672
8736
8800
8864
8928
8992
9054
9119
9184
9249
9314
9379
9444
9503
9562
9631
9814
9949
10025
10160
10493
10665
10756
11177
11309
11606
11719
11824
11935
12032
12136
12243
12359
12541
12646
12736
12822
12902
13259
13366
13681
13799
13911
14031
14149
14261
14373
14475
14575
14674
14772
14878
14976
15240
15332
15581
15673
15922
16014
16263
16355
16443
16681
16769
16852
17080
17166
17247
17326
17405
17487
17565
17641
17719
17857
18092
18179
18270
18359
18444
18547
18634
18707
18782
18863
18938
19014
19093
19169
19248
19319
19392
19471
19544
19618
19696
19842
19929
20014
20097
20192
20281
20363
20463
20615
20704
20795
20892
20983
21075
21170
21262
21432
21520
21610
21843
21922
22023
22133
22236
22407
22484
22576
22669
22767
22865
22965
23065
23174
23283
23380
23475
23572
23670
23772
23867
23964
24062
24111
24220
24287
24332
24381
24609
24670
24789
24870
24944
25016
25291
25532
25793
26153
26349
26604
26859
27110
27357
27614
27865
28098
28331
28576
28823
29074
29357
29660
29941
30164
30304
30385
30508
30570
30636
30704
30777
30849
30923
31001
31071
31143
31218
31285
31352
31420
31489
31554
31636
31718
31800
31870
31942
32028
32150
32222
32288
32349
32412
32486
32559
32634
32713
32784
32857
32933
33001
33069
33138
33208
33274
33357
33440
33523
33594
33667
33754
33877
33949
34015
34140
34203
34273
34347
34420
34495
34574
34645
34718
34794
34862
34930
34999
35069
35135
35218
35301
35384
35455
35528
35615
35683
35743
35815
35886
35956
36026
36091
36154
36218
36282
36341
36404
36467
36530
36727
36813
37006
37074
37140
37202
37264
37326
37387
37445
37519
37591
37670
37728
37787
37846
37919
37992
38065
38145
38225
38305
38440
38578
38738
38898
38986
39060
39117
39174
39232
39290
39347
39404
39461
39682
39788
39871
39936
40001
40190
40262
40460
40531
40737
40812
41177
41446
41797
41908
41969
42030
42092
42154
42218
42282
42358
42433
42502
42572
42642
42711
42777
42843
42915
42986
43293
43486
43679
43872
43982
44143
44315
44487
44659
44831
45003
45175
45271
45493
45659
45825
45917
46225
46333
46493
46589
46807
46967
47127
47287
47375
47599
47697
47914
48071
48228
48385
48542
48699
48785
48990
49138
49286
49366
49574
49660
49877
50043
50209
50301
50589
50685
50831
50911
51121
51281
51441
51601
51761
51921
52017
52239
52411
52507
52757
52877
53125
53312
53499
53605
53856
53972
54210
54385
54483
54562
54912
54969
55025
55082
55139
55194
55251
55318
55368
55430
55498
55557
55623
55691
55756
55821
55940
56025
56109
56194
56280
56366
56450
56527
56592
56666
56741
56807
56880
56946
57011
57076
57151
57204
57269
57330
57393
57447
57505
57564
57624
57681
57743
57802
57871
57934
57990
58052
58119
58177
58248
58313
58371
58438
58500
58557
58616
58678
58751
58821
58885
58955
59028
59090
59171
59243
59310
59380
59445
59511
59578
59643
59708
59778
59853
59919
59982
60042
60108
60171
60239
60303
60367
60436
60505
60555
60612
60672
60737
60800
60923
60999
61063
61139
61205
61281
61348
61417
61480
61549
61612
61675
61738
61801
61874
61942
62005
62069
62129
62200
62271
62343
62417
62486
62551
62613
62688
62762
62830
62892
62976
63044
63100
63152
63209
63268
63320
63373
63433
63503
63570
63624
63681
63736
63794
63853
63909
63959
64028
64087
64153
64218
64276
64338
64402
64475
64547
64607
64671
64733
64789
64851
64911
64974
65052
65126
65199
65257
65316
65384
65444
65499
65556
65628
65692
65757
65835
65905
65969
66037
66101
66174
66243
66311
66377
66438
66507
66571
66633
66689
66749
66805
66862
66920
66988
67054
67124
67182
67241
67300
67376
67451
67521
67590
67649
67707
67770
67841
67913
67987
68050
68118
68180
68247
68307
68362
68421
68475
68531
68586
68661
68721
68781
68842
68898
68965
69023
69084
69133
69183
69236
69291
69355
69421
69487
69541
69602
69659
69714
69775
69840
69904
69964
70030
70085
70165
70241
70315
70390
70465
70539
70618
70711
70786
70863
70922
70984
71045
71110
71178
71243
71297
71359
71415
71473
71532
71585
71642
71704
71766
71832
71895
71952
72009
72077
72147
72205
72269
72324
72382
72449
72509
72576
72631
72686
72740
72796
72867
72936
72995
73071
73147
73224
73294
73351
73410
73466
73521
73575
73630
73690
73745
73813
73866
73923
73977
74035
74103
74180
74243
74310
74382
74445
74508
74572
74686
74847
74886
74925
74963
75052
75108
75168
75209
75255
75307
75345
75387
75436
75489
75543
75601
75655
75713
75767
75825
75878
75935
75978
76025
76120
76165
76210
76264
76321
76375
76429
76483
76537
76594
76651
76705
76762
76816
76873
76930
76980
77028
77076
77231
77271
77315
77359
77407
77449
77495
77543
77581
77623
77663
77707
77749
77795
77836
77881
77928
77970
78052
78095
78186
78281
78384
78539
78637
78679
78724
78773
78826
78881
78937
78985
79037
79132
79222
79272
79326
79380
79447
79511
79576
79642
79712
79773
79855
79917
79977
80041
80102
80165
80231
80299
80363
80424
80488
80561
80618
80681
80740
80804
80872
80933
80995
81061
81119
81196
81254
81311
81381
81428
81481
81547
81614
81666
81718
81828
81890
81948
82007
82070
82134
82190
82326
82387
82442
82513
82591
82665
82746
82806
82865
82939
83003
83063
83127
83199
83276
83334
83396
83460
83541
83606
83663
83719
83782
83844
83902
83961
84021
84085
84146
84199
84255
84317
84378
84441
84480
84524
84572
84617
84660
84704
84743
84791
84835
84877
84923
84967
85009
85052
85137
85183
85236
85293
85337
85378
85509
85573
85637
85738
85797
86069
86149
86217
86296
86370
86441
86513
86579
86656
86733
86800
86886
86961
87033
87103
87174
87267
87339
87408
87489
87558
87633
87710
87784
87842
87900
87951
88003
88051
88107
88209
88271
88326
88386
88450
88502
88552
88601
88649
89683
89786
89888
89991
90095
90198
90301
90403
90506
90609
90713
90816
90919
91022
91125
91228
91330
91433
91536
91638
91741
91918
92021
92124
92227
92329
92432
92535
92638
92741
92844
92947
93050
93153
93256
93359
93462
93566
93669
93772
93875
93978
94081
94184
94287
94390
94493
94596
94699
94801
94904
95007
95110
95213
95316
95419
95522
95626
95730
96906
97008
97111
97213
97316
97419
97521
97624
97727
97830
97932
98035
98138
98241
98344
98448
98551
98653
98756
98858
98962
99065
99168
99271
99375
99478
99581
99684
99787
99890
99993
100096
100199
100302
100405
100507
100609
100712
100815
100918
101021
101124
101227
101330
101433
101544
101647
101750
101853
101955
102059
102161
102264
102367
102649
105058
105161
105264
105367
105470
105573
105676
105779
105882
105986
106089
106192
106295
106398
106501
106603
106705
106807
106910
107013
107117
107220
107323
107426
107529
107632
107736
107839
107942
108046
108201
108304
108407
108510
108699
108802
108905
109008
109111
109215
109318
109421
109524
109673
109775
109879
109983
110086
110189
110292
110395
110498
110601
110704
110807
110950
111053
111156
111259
111362
111465
111568
111670
111773
111875
111977
112080
112183
112286
112389
112492
112595
112698
112801
112904
113006
113045
113148
113251
113354
113457
113560
113663
113766
113868
113971
114074
114177
114280
114383
114487
114590
114693
114796
114898
115001
115103
115206
115310
115413
115516
115619
115756
116708
116810
116912
117014
117117
117220
117324
117427
117530
117633
117736
117839
117942
118045
118147
118250
118353
118456
118559
118662
118765
118868
118971
119073
119175
119277
119380
119483
119586
119689
119796
119899
120002
120105
120209
120313
120417
120520
120623
120726
120828
120931
121034
121137
121240
121344
121447
121551
121654
121757
121860
121962
122064
122166
122269
122372
122475
122584
122687
122950
123053
123156
123259
123368
123470
123573
123676
123780
123883
123986
124089
124192
124295
124398
124501
124603
124706
124808
124911
125014
125116
125219
125322
125425
125527
125630
125733
125836
125940
126043
126146
126249
126353
126456
126559
126662
126765
126868
126971
127073
127176
127279
127381
127484
127587
127690
127793
127896
127999
128102
128205
128308
128411
128515
128618
128721
128824
128926
129029
129131
129234
129337
129441
129544
129646
129749
129852
129955
130058
130162
130265
130367
130470
130573
130676
130779
130882
130985
131089
131192
131294
131397
131501
131604
131708
131811
131914
132018
132121
132223
132326
132429
132533
132636
132739
132842
132945
133047
133151
133254
133357
133460
133562
133665
133768
133870
133973
134076
134179
134282
134385
134488
134591
134694
134796
134899
135003
135106
135209
135312
135415
135517
135620
135722
135825
135928
136299
136401
136504
136607
136716
136819
136921
137024
137127
137229
137332
137435
137537
137640
137743
137846
137949
138052
138154
138257
138360
138471
138574
138677
138779
138882
138985
139088
139191
139294
139396
139499
139601
139703
139806
139909
140011
140114
140217
140320
140423
140526
140630
140733
140837
140939
141042
141145
141248
141351
141455
141558
141660
141763
141866
141969
142072
142176
142279
142382
142483
142586
142689
142792
142947
143051
143154
143257
143359
143461
143564
143667
143770
143873
143976
144079
144182
144285
144388
144491
144594
144696
144799
144902
145005
145108
145211
145313
145421
145524
145627
145730
145833
145936
146409
146512
146615
146717
146820
146923
147026
147129
147232
147335
147437
147540
147643
147746
147849
147952
148055
148158
148262
148365
148467
148570
148673
148776
148879
148982
149084
149187
149290
149392
149494
149597
149700
149803
149906
150009
150112
150215
150317
150420
150523
150625
150728
150831
150934
151037
151140
151282
151385
151488
151591
151734
151837
151981
152084
152186
152289
152392
152495
152598
152701
152804
152907
153010
153121
153225
153327
153430
153533
153636
153739
153842
153944
154047
154150
154254
154357
154460
154563
154666
154769
154872
154975
155078
155181
155284
155387
155490
155594
155696
155799
155901
156004
156107
156209
156312
156415
156517
156620
156723
156826
156928
157030
157132
157235
157337
157440
157542
157645
157749
157852
157954
158550
158598
158653
158974
159016
159074
159139
159200
159539
159589
160596
160648
160709
160760
161703
161754
161813
162886
162931
162985
163197
163243
163306
164037
164189
164270
165995
166047
166099
166141
168208
168247
168297
168439
168702
168747
168788
168830
169688
169726
169778
170602
170659
170727
170923
171222
171265
171504
171610
171895
171947
171988
172743
172954
174116
174308
174354
174787
174855
175420
175464
175520
175903
176043
176138
176233
176328
176748
176851
176954
177056
177159
177263
177366
177470
177573
177675
177778
177881
177984
178087
178190
178293
178396
178499
178602
178705
178808
178912
179015
179118
179220
179323
179425
179527
179629
179732
179835
179938
180087
180130
180233
180337
180440
180486
180676
180778
180881
180984
181087
181190
181236
181295
181351
181408
181466
181528
181581
181655
181709
181761
181817
182075
182120
182166
182618
182721
182824
182927
183030
183169
183222
183624
183668
184851
184907
184946
185032
185089
185137
185222
185277
185334
185379
185423
185477
185832
185890
185948
186005
186061
186116
186230
186281
186332
186382
186430
186479
186716
186762
186812
187042
187144
187193
187233
187274
187328
187758
187861
187964
188067
188169
188272
188375
188478
188580
188683
188786
188889
188992
189095
189198
189301
189404
189506
189609
189712
189816
189919
190021
190125
190228
190332
190434
190538
190641
190744
190847
190950
191053
191156
191258
191361
191464
191575
191679
191782
191884
191987
192097
192200
192303
192349
192391
192495
192597
192752
192855
192957
193068
193171
193273
193375
193477
193580
193683
193786
193889
194063
194166
194269
194409
194463
194645
194689
194792
194896
194999
195102
195412
195467
195525
195585
195641
195694
195750
195815
195864
196152
196254
196356
196458
196560
196663
196766
196870
196974
197078
197181
197284
197388
197491
197594
197697
197800
197903
198005
198109
198210
198313
198416
198520
198623
198726
198829
198940
199042
199144
199247
199349
199452
199555
199658
199761
199865
199968
200070
200173
200277
200381
200484
200587
200690
200793
200896
200999
201102
201205
201350
201396
201446
201549
201652
201754
201857
201960
202063
202166
202269
202372
202475
202578
202681
202785
202837
202880
202988
203091
203194
203296
203399
203503
203606
203707
203810
203913
204016
204119
204222
204277
204324
204526
204587
204675
204723
204769
204818
204913
204964
205012
205070
205122
205167
205218
205274
205361
205421
205475
205887
205934
205994
206836
206892
207033
207079
207182
207233
207386
207435
207541
207589
207637
207685
207733
207781
207829
207880
207942
208001
208054
208107
208161
208219
208269
208338
208388
208774
208833
208895
208946
209016
209077
209133
209187
209246
209300
209355
209411
209465
209519
209578
209642
209697
209741
209847
209993
210105
210301
210394
210530
210633
210735
210838
210941
211044
211147
211250
211354
211456
211559
211662
211765
211867
211971
212075
212176
212279
212382
212485
212588
212691
212793
212895
212998
213101
213203
213311
213414
213517
213619
213722
213825
213928
214031
214134
214237
214340
214444
214547
214650
214753
214856
214959
215062
215369
215468
215512
215614
215666
215719
215822
215924
216027
216064
216106
216161
216262
216364
216467
216570
216673
216776
216879
216982
217089
217191
217294
217397
217500
217544
217745
217797
217854
217907
217960
218018
218134
218276
218328
218369
218410
218460
218513
218563
218613
218663
218713
218766
218819
218869
218922
218972
219025
219078
219126
219172
219216
219260
219371
219790
219892
219995
220098
220201
220352
220411
220630
220688
220770
220881
220921
220968
221060
221111
221380
221483
221586
221689
221791
221894
221996
222099
222202
222305
222408
222512
222615
222718
222821
222924
223027
223130
223233
223337
223440
223543
223646
223750
223853
223957
224061
224164
224267
224377
224480
224583
224686
224789
224891
224994
225147
225250
225353
225455
225680
225783
225886
225989
226091
226194
226297
226400
226502
226605
226708
226810
226913
227016
227120
227223
227326
227429
227532
227635
227738
227882
227928
227977
228031
228083
228130
228177
228224
228271
228318
228364
228421
228469
228517
228567
228623
228673
228724
228778
228829
228883
228939
228997
229061
229119
229178
229240
229299
229361
229871
230134
230242
230556
230659
230762
230865
230975
231077
231180
231281
231384
231487
231590
231693
231797
231900
232003
232106
232209
232326
232429
232532
232642
232745
232848
232950
233053
233156
233258
233361
233464
233567
233670
233774
233877
233979
234082
234185
234288
234399
234502
234605
234708
234811
234914
235018
235121
235224
235327
235430
235533
235635
235957
236059
236162
236265
236368
236471
236574
236677
236780
236883
236986
237089
237192
237295
237397
237500
237602
237705
237808
237911
238677
238723
238826
238929
239129
239227
239330
239433
239535
239638
239781
239833
239898
239954
240462
240698
240756
240808
240853
240911
240963
241015
241067
241119
241181
241238
241290
241616
241862
241940
242010
242080
242143
242203
243658
243719
243782
243840
243963
244126
244447
244507
244654
245013
247545
247602
247918
248357
248490
248672
248861
249310
249361
249406
249447
249493
249587
249640
249695
249751
249799
249851
249962
250003
250045
250094
250153
250385
250497
250548
250594
250638
250685
250733
250778
252966
253005
253039
253352
253391
253436
253476
253520
253564
253608
253656
253704
253757
253799
253845
253893
253931
253973
254013
254057
254100
254143
254187
254226
254282
254326
254370
254420
254462
254508
254549
254594
254640
254692
254739
254781
254823
254869
254912
255447
255493
255695
255736
256080
256243
256686
257594
257649
257692
257751
257808
257872
257920
257974
258021
258072
258125
258187
258248
258926
259065
259114
259166
259208
259251
259295
259339
259397
259455
259513
259578
259643
259708
259761
259812
259857
259913
259964
260013
260065
260132
260195
260257
260304
260352
260409
260458
260510
260556
260617
260670
260724
260791
260850
260911
260968
261021
261083
261389
261454
261509
261559
261617
261670
261722
261766
261817
261862
261950
261993
262082
262127
262232
262307
262452
262509
262564
262623
262670
262718
262766
262831
262895
262954
263012
263060
263107
263159
263219
263280
263343
263395
263452
263503
263559
263608
263652
263794
263837
263878
263923
263967
264048
264112
264163
264220
264270
264319
264368
264443
264487
264532
264574
264616
264659
264702
264739
264780
264836
264883
264929
264977
265031
265079
265128
265181
265234
265284
265322
265408
265622
265707
265754
265799
265847
265889
265939
266292
267074
267128
267228
267271
267425
267821
267863
268031
268343
268449
268507
268567
268627
268696
268765
269630
270791
270848
270886
271135
271243
271294
271348
271401
272261
272316
272373
272431
272480
272535
272579
272648
272712
272775
272839
272904
272969
273032
273088
273153
273216
273280
273344
273407
273475
273557
273621
273895
273937
273979
274021
274065
274113
274157
274213
274264
274314
274367
274421
274466
274518
274563
274617
274661
274705
274762
274816
274952
275002
275133
275182
275235
275288
275338
275382
275434
275778
275824
275872
275994
276067
276117
276167
276217
276260
276311
276356
276403
276451
276765
276814
276862
276909
277402
277448
277572
277732
278084
278187
278554
278602
279335
279386
280233
280286
280333
280378
280426
280635
280690
280791
280837
280883
281450
281507
281566
281607
281905
281952
282005
282049
282351
282920
283150
283295
283340
283389
283439
283493
283543
283688
283735
283791
283978
284422
284801
284850
284898
284948
284990
285200
285250
285304
285346
285719
285762
285807
285875
285926
285975
286028
286069
286169
286457
286529
286601
286673
286737
286801
286865
286929
286993
287050
287107
287164
287221
287272
287327
287382
287437
287491
287545
287598
287651
287704
287757
287810
287863
287919
287975
288027
288079
288131
288183
288235
288285
288338
288391
288444
288497
288550
288603
288646
289280
289335
289392
289450
289489
289648
291073
291117
291419
291663
291796
291844
291909
291974
292040
292099
292145
292193
292238
292446
292501
292715
292903
293262
293309
293356
293402
293448
293495
293542
293585
293634
293683
293727
293776
293837
293897
293951
294006
294061
294115
294166
294217
294261
294318
294360
294417
294474
294531
294587
294633
294691
294734
294818
294885
295090
295177
295293
295414
295486
295684
295746
295867
296022
296158
296239
296358
296451
296567
296633
296800
296910
296967
297030
297150
297222
297298
297480
297536
297584
297719
297819
297942
298010
298151
298305
298451
298523
298584
298695
298764
298820
298877
298943
298995
299051
299105
299168
299229
299281
299333
300028
300116
300169
300296
300337
300382
300422
300466
300503
300544
300584
300628
300686
300744
300835
300882
300928
300963
301042
301080
