1270
1399
1665
3081
3128
3185
3395
3549
3873
4024
4183
4355
4403
4449
4579
5179
5509
5623
5746
9700
9755
9897
10108
10212
10316
10418
10581
10847
10937
11055
11434
11517
12454
12989
13074
13163
13473
13575
15079
15155
15420
15496
15761
15837
16102
16178
16528
16600
16931
17001
17787
17940
18016
19774
20546
21357
21689
21766
22332
24169
24441
24497
24554
24733
25087
25143
25215
25382
25455
25625
25707
25904
25981
26065
26268
26450
26525
26701
26778
26960
27033
27203
27278
27454
27532
27717
27789
27956
28025
28183
28255
28422
28497
28673
28746
28916
28993
29175
29264
29482
29569
29781
29859
30044
30098
30229
30445
32095
33822
34076
36589
36656
36886
36944
38372
38506
38666
38826
39524
39601
40066
40126
40328
40392
40601
40667
40884
40943
41009
41091
41276
41359
41549
41617
41705
43059
43131
43210
43403
43596
43789
44067
44239
44411
44583
44755
44927
45099
45349
45419
45585
45751
45993
46065
46143
46417
46667
46735
46895
47055
47215
47449
47522
47776
47843
48000
48157
48314
48471
48628
48858
48922
49070
49218
49436
49503
49733
49803
49969
50135
50377
50441
50513
50763
50981
51049
51209
51369
51529
51689
51849
52091
52163
52335
52585
52669
52967
53044
53231
53418
53688
53770
54060
54133
54308
54615
55875
60859
74633
74744
74798
75013
76067
77126
77187
78016
78141
78241
78335
78447
78499
78597
79091
79178
81780
82233
82276
85093
85417
85459
85696
85858
85904
85954
86008
88157
95833
96155
96319
96454
96524
96576
96628
96695
96810
142895
151243
151694
151941
168520
175564
175948
175995
176090
176185
176280
180631
182032
185137
186528
187042
187420
187604
195205
195322
195368
204373
205321
205810
206943
206983
210447
210488
215308
216211
217698
218076
220304
220588
220727
220836
221155
221203
229462
229507
229610
229977
230284
230514
240658
241343
249541
250344
253077
256138
258307
258984
261906
262042
262173
264006
266031
266115
267475
268218
269244
269538
269796
272218
273687
275926
276493
277529
278145
279247
279437
280530
281324
281652
281812
282772
284220
286417
289922
289967
292297
292390
292863
294773
294957
295020
295353
295558
295621
295808
295967
296094
296300
296512
296695
296747
296852
297089
297374
297423
297660
297879
298076
298243
298378
298631
299988
300073
300793
301002
301223
