239032
239169
241673
241790
242263
242383
242453
242566
242633
242836
242957
243031
243120
243189
243250
243325
243443
243584
243894
244014
244185
244309
244381
244718
244885
245076
245200
245277
245349
245456
245523
245628
245694
245807
245874
245987
246054
246162
246230
246338
246406
246512
246623
246737
246804
246918
246985
247103
247169
247276
247343
247471
247653
247794
247847
248037
248154
248226
248414
248548
248607
248733
248920
249030
249103
249193
249243
258363
258470
258528
258648
258706
258769
258871
262354
263700
263744
268218
268389
269864
269963
270020
270125
270204
270307
270366
270442
270502
270551
270608
270712
276962
277085
283597
283840
