11
58
110
159
214
289
338
385
427
479
519
571
624
697
744
809
857
918
968
1020
1071
1115
1152
1201
88695
95833
96261
96413
96668
96736
96851
102469
102495
102522
102557
102623
102752
102797
102842
102885
102954
102993
103034
103075
103119
103161
103206
103253
103301
103354
103401
103453
103498
103548
103593
103641
103695
103739
103785
103830
103875
103920
103965
104009
104054
104105
104154
104199
104236
104273
104325
104362
104407
104442
104493
104530
104583
104627
104672
104718
104769
104828
104888
104941
104995
108150
109627
110910
115722
115805
115877
115917
115979
116005
122789
122881
136031
158056
158178
158240
158514
158696
159268
159321
159636
159679
159980
160256
160303
160355
160404
160465
160512
160555
160813
161265
161354
161412
161483
161528
161626
161877
161924
161966
162050
162094
162182
162241
162287
162326
162390
162439
162484
162545
162583
162663
162714
162793
163034
163083
163148
163371
163669
163722
163802
163855
163937
163984
164086
164125
164236
164311
164412
164461
164557
165332
165421
165468
165550
165621
165652
165721
165770
165831
165874
165923
165956
166202
166258
166316
166377
166479
166526
166642
166682
166712
166773
166861
166903
166934
166965
166996
167037
167068
167127
167161
167196
167722
167771
167848
167889
168161
168344
168405
168603
168876
169069
169175
169294
169354
169418
169485
169585
169618
169834
169904
169969
170004
170398
170508
170561
170785
170824
170876
170967
171018
171171
171315
171392
171553
171655
171702
171862
172038
172097
172409
172693
172789
172837
172876
173001
173040
173085
173550
173812
174022
174071
174167
174259
174402
174437
174486
174543
174626
174679
174740
174902
174951
175039
175089
175128
175161
175258
175352
175385
175608
175778
175848
176375
180041
180589
181870
181949
182212
182261
182316
183134
183277
183325
183714
184039
184997
185528
186171
186528
186661
186865
186928
187371
187463
187516
187571
187658
187711
192700
194372
194513
194552
194597
195919
195965
196029
196070
196113
201308
204373
204465
204632
204864
205530
205810
206046
206101
206169
206230
206303
206591
206645
206725
206775
207127
207289
207338
207495
208437
208488
209793
209899
209948
210036
210152
210209
210252
210347
215166
215203
215247
215418
217595
217649
218191
219306
219433
219502
220470
220521
221016
221250
221286
221329
225098
225558
225609
227841
229407
229546
229668
229713
229830
229926
230017
230054
230093
230197
230324
230364
230419
230465
235683
238015
238305
238626
239032
239742
239997
240286
240353
240404
240515
240568
240615
241673
242263
242453
242633
242836
243031
243325
243443
244014
244185
244574
244718
244823
244885
245076
245349
245523
245694
245874
246054
246230
246406
246579
246623
246804
246985
247169
247343
247653
247991
248037
248226
248733
248920
249103
249905
250209
250256
250305
250430
250817
250930
251109
251213
251335
251458
251603
251734
251862
252033
252153
252280
252494
252681
252780
252865
253125
253172
253299
254953
255020
255300
255373
255780
255843
255933
256017
256294
256353
256406
256487
256538
256589
256637
256734
256771
256828
256873
257278
257310
258363
258528
258769
258984
261141
261243
261317
262354
264418
265361
265450
265489
265534
265666
265992
266074
266347
266400
266448
266502
266794
267183
267316
267359
267475
267787
267903
267974
268089
268136
268218
268809
268855
269135
269202
269582
269680
269864
270020
270204
270366
270608
270928
270975
271050
271095
271184
271460
271501
271632
271918
271997
272032
272077
272128
272185
273751
273822
274862
274915
275046
275483
275528
275575
275646
275689
275740
276533
276645
276700
276962
277137
277204
277251
277325
277362
277487
277634
277679
277800
277843
277895
277972
278029
278238
278387
278434
278511
278648
278924
278961
279034
279075
279124
279202
279247
279482
279919
279999
280089
280147
280188
280468
280530
280742
280938
280983
281038
281364
281702
281763
281812
282117
282159
282213
282256
282304
282398
282449
282816
282871
282974
283046
283097
283196
283241
283597
283900
283937
284034
284079
284128
284181
284262
284321
284390
284466
284518
284565
284601
284662
284709
284754
285034
285075
285127
285392
285672
286114
286215
286256
286303
286379
288700
288782
289068
289113
289174
289236
289532
289601
289687
289746
289808
289871
290033
290069
290192
290631
290669
290708
290756
290793
291165
291319
291368
291479
291534
291609
291721
291757
292341
292555
292595
292632
292669
292777
292820
292947
299381
299439
299478
299519
299945
300219
300257
301130
301186
