1236
1270
1321
1358
1399
1665
1738
1786
1838
1889
1935
1985
2038
2095
2139
2187
2243
2303
2351
2403
2452
2505
2553
2605
2653
2705
2752
2803
2847
2895
2942
2993
3035
3081
3128
3185
3245
3321
3395
3448
3498
3549
3605
3685
3756
3817
3873
3918
3969
4024
4073
4129
4183
4237
4299
4355
4403
4449
4579
4640
4708
4770
4839
4911
4976
5051
5126
5179
5251
5315
5376
5447
5509
5559
5623
5677
5746
5800
5870
5940
6003
6066
6126
6186
6246
6305
6364
6454
6536
6618
6693
6764
6834
6905
6989
7073
7157
7233
7309
7385
7461
7537
7606
7675
7744
7813
7880
7947
8014
8080
8146
8211
8276
8341
8406
8471
8536
8604
8672
8736
8800
8864
8928
8992
9054
9119
9184
9249
9314
9379
9444
9503
9562
9631
9700
9755
9814
9897
9949
10025
10108
10160
10212
10316
10418
10493
10581
10665
10756
10847
10937
11055
11177
11309
11434
11517
11606
11719
11824
11935
12032
12136
12243
12359
12454
12541
12646
12736
12822
12902
12989
13074
13163
13259
13366
13473
13575
13681
13799
13911
14031
14149
14261
14373
14475
14575
14674
14772
14878
14976
15079
15155
15240
15332
15420
15496
15581
15673
15761
15837
15922
16014
16102
16178
16263
16355
16443
16528
16600
16681
16769
16852
16931
17001
17080
17166
17247
17326
17405
17487
17565
17641
17719
17787
17857
17940
18016
18092
18179
18270
18359
18444
18547
18634
18707
18782
18863
18938
19014
19093
19169
19248
19319
19392
19471
19544
19618
19696
19774
19842
19929
20014
20097
20192
20281
20363
20463
20546
20615
20704
20795
20892
20983
21075
21170
21262
21357
21432
21520
21610
21689
21766
21843
21922
22023
22133
22236
22332
22407
22484
22576
22669
22767
22865
22965
23065
23174
23283
23380
23475
23572
23670
23772
23867
23964
24062
24111
24169
24220
24287
24332
24381
24441
24497
24554
24609
24670
24733
24789
24870
24944
25016
25087
25143
25215
25291
25382
25455
25532
25625
25707
25793
25904
25981
26065
26153
26268
26349
26450
26525
26604
26701
26778
26859
26960
27033
27110
27203
27278
27357
27454
27532
27614
27717
27789
27865
27956
28025
28098
28183
28255
28331
28422
28497
28576
28673
28746
28823
28916
28993
29074
29175
29264
29357
29482
29569
29660
29781
29859
29941
30044
30098
30164
30229
30304
30385
30445
30508
30570
30636
30704
30777
30849
30923
31001
31071
31143
31218
31285
31352
31420
31489
31554
31636
31718
31800
31870
31942
32028
32095
32150
32222
32288
32349
32412
32486
32559
32634
32713
32784
32857
32933
33001
33069
33138
33208
33274
33357
33440
33523
33594
33667
33754
33822
33877
33949
34015
34076
34140
34203
34273
34347
34420
34495
34574
34645
34718
34794
34862
34930
34999
35069
35135
35218
35301
35384
35455
35528
35615
35683
35743
35815
35886
35956
36026
36091
36154
36218
36282
36341
36404
36467
36530
36589
36656
36727
36813
36886
36944
37006
37074
37140
37202
37264
37326
37387
37445
37519
37591
37670
37728
37787
37846
37919
37992
38065
38145
38225
38305
38372
38440
38506
38578
38666
38738
38826
38898
38986
39060
39117
39174
39232
39290
39347
39404
39461
39524
39601
39682
39788
39871
39936
40001
40066
40126
40190
40262
40328
40392
40460
40531
40601
40667
40737
40812
40884
40943
41009
41091
41177
41276
41359
41446
41549
41617
41705
41797
41908
41969
42030
42092
42154
42218
42282
42358
42433
42502
42572
42642
42711
42777
42843
42915
42986
43059
43131
43210
43293
43403
43486
43596
43679
43789
43872
43982
44067
44143
44239
44315
44411
44487
44583
44659
44755
44831
44927
45003
45099
45175
45271
45349
45419
45493
45585
45659
45751
45825
45917
45993
46065
46143
46225
46333
46417
46493
46589
46667
46735
46807
46895
46967
47055
47127
47215
47287
47375
47449
47522
47599
47697
47776
47843
47914
48000
48071
48157
48228
48314
48385
48471
48542
48628
48699
48785
48858
48922
48990
49070
49138
49218
49286
49366
49436
49503
49574
49660
49733
49803
49877
49969
50043
50135
50209
50301
50377
50441
50513
50589
50685
50763
50831
50911
50981
51049
51121
51209
51281
51369
51441
51529
51601
51689
51761
51849
51921
52017
52091
52163
52239
52335
52411
52507
52585
52669
52757
52877
52967
53044
53125
53231
53312
53418
53499
53605
53688
53770
53856
53972
54060
54133
54210
54308
54385
54483
54562
54615
54912
54969
55025
55082
55139
55194
55251
55318
55368
55430
55498
55557
55623
55691
55756
55821
55875
55940
56025
56109
56194
56280
56366
56450
56527
56592
56666
56741
56807
56880
56946
57011
57076
57151
57204
57269
57330
57393
57447
57505
57564
57624
57681
57743
57802
57871
57934
57990
58052
58119
58177
58248
58313
58371
58438
58500
58557
58616
58678
58751
58821
58885
58955
59028
59090
59171
59243
59310
59380
59445
59511
59578
59643
59708
59778
59853
59919
59982
60042
60108
60171
60239
60303
60367
60436
60505
60555
60612
60672
60737
60800
60859
60923
60999
61063
61139
61205
61281
61348
61417
61480
61549
61612
61675
61738
61801
61874
61942
62005
62069
62129
62200
62271
62343
62417
62486
62551
62613
62688
62762
62830
62892
62976
63044
63100
63152
63209
63268
63320
63373
63433
63503
63570
63624
63681
63736
63794
63853
63909
63959
64028
64087
64153
64218
64276
64338
64402
64475
64547
64607
64671
64733
64789
64851
64911
64974
65052
65126
65199
65257
65316
65384
65444
65499
65556
65628
65692
65757
65835
65905
65969
66037
66101
66174
66243
66311
66377
66438
66507
66571
66633
66689
66749
66805
66862
66920
66988
67054
67124
67182
67241
67300
67376
67451
67521
67590
67649
67707
67770
67841
67913
67987
68050
68118
68180
68247
68307
68362
68421
68475
68531
68586
68661
68721
68781
68842
68898
68965
69023
69084
69133
69183
69236
69291
69355
69421
69487
69541
69602
69659
69714
69775
69840
69904
69964
70030
70085
70165
70241
70315
70390
70465
70539
70618
70711
70786
70863
70922
70984
71045
71110
71178
71243
71297
71359
71415
71473
71532
71585
71642
71704
71766
71832
71895
71952
72009
72077
72147
72205
72269
72324
72382
72449
72509
72576
72631
72686
72740
72796
72867
72936
72995
73071
73147
73224
73294
73351
73410
73466
73521
73575
73630
73690
73745
73813
73866
73923
73977
74035
74103
74180
74243
74310
74382
74445
74508
74572
74633
74686
74744
74798
74847
74886
74925
74963
75013
75052
75108
75168
75209
75255
75307
75345
75387
75436
75489
75543
75601
75655
75713
75767
75825
75878
75935
75978
76025
76067
76120
76165
76210
76264
76321
76375
76429
76483
76537
76594
76651
76705
76762
76816
76873
76930
76980
77028
77076
77126
77187
77231
77271
77315
77359
77407
77449
77495
77543
77581
77623
77663
77707
77749
77795
77836
77881
77928
77970
78016
78052
78095
78141
78186
78241
78281
78335
78384
78447
78499
78539
78597
78637
78679
78724
78773
78826
78881
78937
78985
79037
79091
79132
79178
79222
79272
79326
79380
79447
79511
79576
79642
79712
79773
79855
79917
79977
80041
80102
80165
80231
80299
80363
80424
80488
80561
80618
80681
80740
80804
80872
80933
80995
81061
81119
81196
81254
81311
81381
81428
81481
81547
81614
81666
81718
81780
81828
81890
81948
82007
82070
82134
82190
82233
82276
82326
82387
82442
82513
82591
82665
82746
82806
82865
82939
83003
83063
83127
83199
83276
83334
83396
83460
83541
83606
83663
83719
83782
83844
83902
83961
84021
84085
84146
84199
84255
84317
84378
84441
84480
84524
84572
84617
84660
84704
84743
84791
84835
84877
84923
84967
85009
85052
85093
85137
85183
85236
85293
85337
85378
85417
85459
85509
85573
85637
85696
85738
85797
85858
85904
85954
86008
86069
86149
86217
86296
86370
86441
86513
86579
86656
86733
86800
86886
86961
87033
87103
87174
87267
87339
87408
87489
87558
87633
87710
87784
87842
87900
87951
88003
88051
88107
88157
88209
88271
88326
88386
88450
88502
88552
88601
88649
