89683
89786
89888
89991
90095
90198
90301
90403
90506
90609
90713
90816
90919
91022
91125
91228
91330
91433
91536
91638
91741
91845
91918
92021
92124
92227
92329
92432
92535
92638
92741
92844
92947
93050
93153
93256
93359
93462
93566
93669
93772
93875
93978
94081
94184
94287
94390
94493
94596
94699
94801
94904
95007
95110
95213
95316
95419
95522
95626
95730
96906
97008
97111
97213
97316
97419
97521
97624
97727
97830
97932
98035
98138
98241
98344
98448
98551
98653
98756
98858
98962
99065
99168
99271
99375
99478
99581
99684
99787
99890
99993
100096
100199
100302
100405
100507
100609
100712
100815
100918
101021
101124
101227
101330
101433
101544
101647
101750
101853
101955
102059
102161
102264
102367
102649
105058
105161
105264
105367
105470
105573
105676
105779
105882
105986
106089
106192
106295
106398
106501
106603
106705
106807
106910
107013
107117
107220
107323
107426
107529
107632
107736
107839
107942
108046
108201
108304
108407
108510
108613
108699
108802
108905
109008
109111
109215
109318
109421
109524
109673
109775
109879
109983
110086
110189
110292
110395
110498
110601
110704
110807
110950
111053
111156
111259
111362
111465
111568
111670
111773
111875
111977
112080
112183
112286
112389
112492
112595
112698
112801
112904
113045
113148
113251
113354
113457
113560
113663
113766
113868
113971
114074
114177
114280
114383
114487
114590
114693
114796
114898
115001
115103
115206
115310
115413
115516
115619
116708
116810
116912
117014
117117
117220
117324
117427
117530
117633
117736
117839
117942
118045
118147
118250
118353
118456
118559
118662
118765
118868
118971
119073
119175
119277
119380
119483
119586
119689
119796
119899
120002
120105
120209
120313
120417
120520
120623
120726
120828
120931
121034
121137
121240
121344
121447
121551
121654
121757
121860
121962
122064
122166
122269
122372
122475
122584
122687
122950
123053
123156
123259
123368
123470
123573
123676
123780
123883
123986
124089
124192
124295
124398
124501
124603
124706
124808
124911
125014
125116
125219
125322
125425
125527
125630
125733
125836
125940
126043
126146
126249
126353
126456
126559
126662
126765
126868
126971
127073
127176
127279
127381
127484
127587
127690
127793
127896
127999
128102
128205
128308
128411
128515
128618
128721
128824
128926
129029
129131
129234
129337
129441
129544
129646
129749
129852
129955
130058
130162
130265
130367
130470
130573
130676
130779
130882
130985
131089
131192
131294
131397
131501
131604
131708
131811
131914
132018
132121
132223
132326
132429
132533
132636
132739
132842
132945
133047
133151
133254
133357
133460
133562
133665
133768
133870
133973
134076
134179
134282
134385
134488
134591
134694
134796
134899
135003
135106
135209
135312
135415
135517
135620
135722
135825
135928
136299
136401
136504
136607
136716
136819
136921
137024
137127
137229
137332
137435
137537
137640
137743
137846
137949
138052
138154
138257
138360
138471
138574
138677
138779
138882
138985
139088
139191
139294
139396
139499
139601
139703
139806
139909
140011
140114
140217
140320
140423
140526
140630
140733
140837
140939
141042
141145
141248
141351
141455
141558
141660
141763
141866
141969
142072
142176
142279
142382
142483
142586
142689
142792
142947
143051
143154
143257
143359
143461
143564
143667
143770
143873
143976
144079
144182
144285
144388
144491
144594
144696
144799
144902
145005
145108
145211
145313
145421
145524
145627
145730
145833
145936
146038
146409
146512
146615
146717
146820
146923
147026
147129
147232
147335
147437
147540
147643
147746
147849
147952
148055
148158
148262
148365
148467
148570
148673
148776
148879
148982
149084
149187
149290
149392
149494
149597
149700
149803
149906
150009
150112
150215
150317
150420
150523
150625
150728
150831
150934
151037
151140
151282
151385
151488
151591
151734
151837
151981
152084
152186
152289
152392
152495
152598
152701
152804
152907
153010
153121
153225
153327
153430
153533
153636
153739
153842
153944
154047
154150
154254
154357
154460
154563
154666
154769
154872
154975
155078
155181
155284
155387
155490
155594
155696
155799
155901
156004
156107
156209
156312
156415
156517
156620
156723
156826
156928
157030
157132
157235
157337
157440
157542
157645
157749
157852
157954
176748
176851
176954
177056
177159
177263
177366
177470
177573
177675
177778
177881
177984
178087
178190
178293
178396
178499
178602
178705
178808
178912
179015
179118
179220
179323
179425
179527
179629
179732
179835
179938
180130
180233
180337
180486
180676
180778
180881
180984
181087
182618
182721
182824
182927
183030
187758
187861
187964
188067
188169
188272
188375
188478
188580
188683
188786
188889
188992
189095
189198
189301
189404
189506
189609
189712
189816
189919
190021
190125
190228
190332
190434
190538
190641
190744
190847
190950
191053
191156
191258
191361
191464
191575
191679
191782
191884
191987
192097
192200
192391
192495
192597
192752
192855
192957
193068
193171
193273
193375
193477
193580
193683
193786
193889
193991
194063
194166
194269
194689
194792
194896
194999
195102
196152
196254
196356
196458
196560
196663
196766
196870
196974
197078
197181
197284
197388
197491
197594
197697
197800
197903
198005
198109
198210
198313
198416
198520
198623
198726
198829
198940
199042
199144
199247
199349
199452
199555
199658
199761
199865
199968
200070
200173
200277
200381
200484
200587
200690
200793
200896
200999
201102
201205
201446
201549
201652
201754
201857
201960
202063
202166
202269
202372
202475
202578
202681
202880
202988
203091
203194
203296
203399
203503
203606
203707
203810
203913
204016
204119
210530
210633
210735
210838
210941
211044
211147
211250
211354
211456
211559
211662
211765
211867
211971
212075
212176
212279
212382
212485
212588
212691
212793
212895
212998
213101
213203
213311
213414
213517
213619
213722
213825
213928
214031
214134
214237
214340
214444
214547
214650
214753
214856
214959
215062
215512
215719
215822
215924
216262
216364
216467
216570
216673
216776
216879
216982
217089
217191
217294
217397
219790
219892
219995
220098
220201
221380
221483
221586
221689
221791
221894
221996
222099
222202
222305
222408
222512
222615
222718
222821
222924
223027
223130
223233
223337
223440
223543
223646
223750
223853
223957
224061
224164
224267
224377
224480
224583
224686
224789
224891
224994
225147
225250
225353
225455
225680
225783
225886
225989
226091
226194
226297
226400
226502
226605
226708
226810
226913
227016
227120
227223
227326
227429
227532
227635
227738
230556
230659
230762
230865
230975
231077
231180
231281
231384
231487
231590
231693
231797
231900
232003
232106
232209
232326
232429
232532
232642
232745
232848
232950
233053
233156
233258
233361
233464
233567
233670
233774
233877
233979
234082
234185
234288
234399
234502
234605
234708
234811
234914
235018
235121
235224
235327
235430
235533
235957
236059
236162
236265
236368
236471
236574
236677
236780
236883
236986
237089
237192
237295
237397
237500
237602
237705
237808
237911
238723
238826
238929
239227
239330
239433
239535
239638
