95833
96155
96319
96454
96524
96576
96628
96695
96810
113006
115756
142895
151243
151694
151941
158550
158598
158653
158974
159016
159074
159139
159200
159539
159589
160596
160648
160709
160760
161703
161754
161813
162886
162931
162985
163197
163243
163306
164037
164189
164270
165995
166047
166099
166141
168208
168247
168297
168439
168520
168702
168747
168788
168830
169688
169726
169778
170602
170659
170727
170923
171222
171265
171504
171610
171895
171947
171988
172743
172954
174116
174308
174354
174787
174855
175420
175464
175520
175564
175903
175948
175995
176043
176090
176138
176185
176233
176280
176328
180087
180440
180631
181190
181236
181295
181351
181408
181466
181528
181581
181655
181709
181761
181817
182032
182075
182120
182166
183169
183222
183624
183668
184851
184907
184946
185032
185089
185137
185137
185222
185277
185334
185379
185423
185477
185832
185890
185948
186005
186061
186116
186230
186281
186332
186382
186430
186479
186528
186716
186762
186812
187042
187042
187144
187193
187233
187274
187328
187420
187604
192303
192349
194409
194463
194645
195205
195322
195368
195412
195467
195525
195585
195641
195694
195750
195815
195864
201350
201396
202785
202837
204222
204277
204324
204373
204526
204587
204675
204723
204769
204818
204913
204964
205012
205070
205122
205167
205218
205274
205321
205361
205421
205475
205810
205887
205934
205994
206836
206892
206943
206983
207033
207079
207182
207233
207386
207435
207541
207589
207637
207685
207733
207781
207829
207880
207942
208001
208054
208107
208161
208219
208269
208338
208388
208774
208833
208895
208946
209016
209077
209133
209187
209246
209300
209355
209411
209465
209519
209578
209642
209697
209741
209847
209993
210105
210301
210394
210447
210488
215308
215369
215468
215614
215666
216027
216064
216106
216161
216211
217500
217544
217698
217745
217797
217854
217907
217960
218018
218076
218134
218276
218328
218369
218410
218460
218513
218563
218613
218663
218713
218766
218819
218869
218922
218972
219025
219078
219126
219172
219216
219260
219371
220304
220352
220411
220588
220630
220688
220727
220770
220836
220881
220921
220968
221060
221111
221155
221203
227882
227928
227977
228031
228083
228130
228177
228224
228271
228318
228364
228421
228469
228517
228567
228623
228673
228724
228778
228829
228883
228939
228997
229061
229119
229178
229240
229299
229361
229462
229507
229610
229871
229977
230134
230242
230284
230514
235635
238677
239129
239781
239833
239898
239954
240462
240658
240698
240756
240808
240853
240911
240963
241015
241067
241119
241181
241238
241290
241343
241616
241862
241940
242010
242080
242143
242203
243658
243719
243782
243840
243963
244126
244447
244507
244654
245013
247545
247602
247918
248357
248490
248672
248861
249310
249361
249406
249447
249493
249541
249587
249640
249695
249751
249799
249851
249962
250003
250045
250094
250153
250344
250385
250497
250548
250594
250638
250685
250733
250778
252966
253005
253039
253077
253352
253391
253436
253476
253520
253564
253608
253656
253704
253757
253799
253845
253893
253931
253973
254013
254057
254100
254143
254187
254226
254282
254326
254370
254420
254462
254508
254549
254594
254640
254692
254739
254781
254823
254869
254912
255447
255493
255695
255736
256080
256138
256243
256686
257594
257649
257692
257751
257808
257872
257920
257974
258021
258072
258125
258187
258248
258307
258926
258984
259065
259114
259166
259208
259251
259295
259339
259397
259455
259513
259578
259643
259708
259761
259812
259857
259913
259964
260013
260065
260132
260195
260257
260304
260352
260409
260458
260510
260556
260617
260670
260724
260791
260850
260911
260968
261021
261083
261389
261454
261509
261559
261617
261670
261722
261766
261817
261862
261906
261950
261993
262042
262082
262127
262173
262232
262307
262452
262509
262564
262623
262670
262718
262766
262831
262895
262954
263012
263060
263107
263159
263219
263280
263343
263395
263452
263503
263559
263608
263652
263794
263837
263878
263923
263967
264006
264048
264112
264163
264220
264270
264319
264368
264443
264487
264532
264574
264616
264659
264702
264739
264780
264836
264883
264929
264977
265031
265079
265128
265181
265234
265284
265322
265408
265622
265707
265754
265799
265847
265889
265939
266031
266115
266292
267074
267128
267228
267271
267425
267475
267821
267863
268031
268218
268343
268449
268507
268567
268627
268696
268765
269244
269538
269630
269796
270791
270848
270886
271135
271243
271294
271348
271401
272218
272261
272316
272373
272431
272480
272535
272579
272648
272712
272775
272839
272904
272969
273032
273088
273153
273216
273280
273344
273407
273475
273557
273621
273687
273895
273937
273979
274021
274065
274113
274157
274213
274264
274314
274367
274421
274466
274518
274563
274617
274661
274705
274762
274816
274952
275002
275133
275182
275235
275288
275338
275382
275434
275778
275824
275872
275926
275994
276067
276117
276167
276217
276260
276311
276356
276403
276451
276493
276765
276814
276862
276909
277402
277448
277529
277572
277732
278084
278145
278187
278554
278602
279247
279335
279386
279437
280233
280286
280333
280378
280426
280530
280635
280690
280791
280837
280883
281324
281450
281507
281566
281607
281652
281812
281905
281952
282005
282049
282351
282772
282920
283150
283295
283340
283389
283439
283493
283543
283688
283735
283791
283978
284220
284422
284801
284850
284898
284948
284990
285200
285250
285304
285346
285719
285762
285807
285875
285926
285975
286028
286069
286169
286417
286457
286529
286601
286673
286737
286801
286865
286929
286993
287050
287107
287164
287221
287272
287327
287382
287437
287491
287545
287598
287651
287704
287757
287810
287863
287919
287975
288027
288079
288131
288183
288235
288285
288338
288391
288444
288497
288550
288603
288646
289280
289335
289392
289450
289489
289648
289922
289967
291073
291117
291419
291663
291796
291844
291909
291974
292040
292099
292145
292193
292238
292297
292390
292446
292501
292715
292863
292903
293262
293309
293356
293402
293448
293495
293542
293585
293634
293683
293727
293776
293837
293897
293951
294006
294061
294115
294166
294217
294261
294318
294360
294417
294474
294531
294587
294633
294691
294734
294773
294818
294885
294957
295020
295090
295177
295293
295353
295414
295486
295558
295621
295684
295746
295808
295867
295967
296022
296094
296158
296239
296300
296358
296451
296512
296567
296633
296695
296747
296800
296852
296910
296967
297030
297089
297150
297222
297298
297374
297423
297480
297536
297584
297660
297719
297819
297879
297942
298010
298076
298151
298243
298305
298378
298451
298523
298584
298631
298695
298764
298820
298877
298943
298995
299051
299105
299168
299229
299281
299333
299988
300028
300073
300116
300169
300296
300337
300382
300422
300466
300503
300544
300584
300628
300686
300744
300793
300835
300882
300928
300963
301002
301042
301080
301223
