88695
95833
96261
96668
96736
102495
102522
102557
102623
102752
102797
102842
102885
102954
102993
103034
103075
103119
103161
103206
103253
103301
103354
103401
103453
103498
103548
103593
103641
103695
103739
103785
103830
103875
103920
103965
104009
104054
104105
104154
104199
104236
104273
104325
104362
104407
104442
104493
104530
104583
104627
104672
104718
104769
104828
104888
104941
104995
115917
115979
116005
122789
122881
239032
241673
242263
242453
242633
242836
243031
243325
243443
244014
244185
244574
244718
244823
244885
245076
245349
245523
245694
245874
246054
246230
246406
246579
246623
246804
246985
247169
247343
247653
247991
248037
248226
248733
248920
249103
258363
258528
258769
262354
264418
268218
269864
270020
270204
270366
270608
276962
279999
283597
